Vi = 2;
L = 1;
C = 0.01;
R = 1;